         2   0.000834   0.000152   0.000148 --   2.3  12.8  13.2
         3   0.001254   0.000228   0.000222 --   2.3  12.8  13.2
         4   0.001673   0.000305   0.000296 --   2.3  12.8  13.2
         5   0.002091   0.000380   0.000370 --   2.3  12.9  13.2
         6   0.002509   0.000457   0.000445 --   2.3  12.8  13.2
         7   0.002926   0.000532   0.000518 --   2.3  12.8  13.2
         8   0.003345   0.000609   0.000591 --   2.3  12.8  13.2
         9   0.003763   0.000681   0.000666 --   2.3  12.9  13.2
        11   0.004600   0.000832   0.000814 --   2.3  12.9  13.2
        21   0.008782   0.001588   0.001554 --   2.3  12.9  13.2
        31   0.012962   0.002344   0.002293 --   2.3  12.9  13.2
        41   0.017144   0.003095   0.002999 --   2.3  12.9  13.3
        51   0.021323   0.003864   0.003731 --   2.3  12.9  13.3
        61   0.025508   0.004615   0.004456 --   2.3  12.9  13.4
        71   0.029685   0.005366   0.004985 --   2.3  12.9  13.9
        81   0.033871   0.006079   0.005687 --   2.3  13.0  13.9
        91   0.038049   0.006873   0.006366 --   2.3  12.9  14.0
       101   0.042232   0.007607   0.007081 --   2.3  13.0  13.9
       111   0.046407   0.008357   0.007776 --   2.3  13.0  13.9
       121   0.050599   0.009103   0.008477 --   2.3  13.0  13.9
       131   0.054776   0.009880   0.008872 --   2.3  12.9  14.4
       141   0.058960   0.010635   0.009556 --   2.3  12.9  14.4
       151   0.063136   0.011390   0.010233 --   2.3  12.9  14.4
       161   0.067323   0.012139   0.010881 --   2.3  13.0  14.4
       171   0.071496   0.012904   0.011557 --   2.3  12.9  14.4
       181   0.075686   0.013659   0.012232 --   2.3  12.9  14.4
       191   0.079854   0.014393   0.012908 --   2.3  13.0  14.4
       201   0.084049   0.015168   0.013121 --   2.3  12.9  15.0
       221   0.092401   0.016672   0.014436 --   2.3  12.9  14.9
       241   0.100763   0.018116   0.015659 --   2.3  13.0  15.0
       261   0.109120   0.019655   0.016508 --   2.3  13.0  15.4
       281   0.117497   0.021130   0.017761 --   2.3  13.0  15.4
       301   0.125838   0.022669   0.018976 --   2.3  13.0  15.5
       331   0.138392   0.024946   0.020291 --   2.3  13.0  15.9
       361   0.150929   0.027115   0.022075 --   2.3  13.0  16.0
       391   0.163485   0.029434   0.023100 --   2.3  13.0  16.5
       421   0.176014   0.031643   0.024797 --   2.3  13.0  16.6
       461   0.192729   0.034688   0.026373 --   2.3  13.0  17.1
       501   0.209452   0.037572   0.028595 --   2.3  13.0  17.1
       551   0.230384   0.041402   0.030504 --   2.3  13.0  17.6
       601   0.251269   0.045227   0.032319 --   2.3  13.0  18.2
       661   0.276378   0.049689   0.034612 --   2.3  13.0  18.6
       721   0.301413   0.054255   0.036749 --   2.3  13.0  19.2
       791   0.330762   0.059504   0.039331 --   2.3  13.0  19.6
       861   0.359986   0.064842   0.041728 --   2.3  13.0  20.1
       941   0.393468   0.070776   0.044074 --   2.3  13.0  20.9
      1031   0.347005   0.077514   0.046313 --   2.9  13.0  21.7
      1131   0.380623   0.084782   0.049551 --   2.9  13.0  22.3
      1241   0.416608   0.093397   0.051858 --   2.9  13.0  23.4
      1361   0.457066   0.102324   0.054449 --   2.9  13.0  24.4
      1491   0.500225   0.112086   0.056988 --   2.9  13.0  25.6
      1631   0.548230   0.122449   0.059991 --   2.9  13.0  26.6
      1791   0.600379   0.132603   0.063393 --   2.9  13.2  27.6
      1961   0.653664   0.141209   0.065606 --   2.9  13.6  29.2
      2151   0.620630   0.155469   0.068334 --   3.4  13.5  30.7
      2361   0.678436   0.169964   0.071184 --   3.4  13.6  32.4
      2591   0.742342   0.186128   0.073726 --   3.4  13.6  34.3
      2841   0.813516   0.204228   0.075907 --   3.4  13.6  36.5
      3121   0.784175   0.223881   0.078634 --   3.9  13.6  38.8
      3431   0.856664   0.246619   0.081148 --   3.9  13.6  41.3
      3771   0.939299   0.270946   0.083925 --   3.9  13.6  43.9
      4141   0.917639   0.299416   0.132588 --   4.4  13.5  30.5
      4551   1.008884   0.330803   0.138324 --   4.4  13.4  32.1
      5001   1.108013   0.362519   0.142219 --   4.4  13.5  34.3
      5501   1.099347   0.399051   0.149682 --   4.9  13.5  35.9
      6051   1.204873   0.437762   0.153445 --   4.9  13.5  38.5
      6651   1.269346   0.482765   0.205347 --   5.1  13.5  31.6
      7311   1.403040   0.529043   0.212111 --   5.1  13.5  33.7
      8041   1.536640   0.582204   0.222326 --   5.1  13.5  35.3
      8841   1.680968   0.639701   0.272790 --   5.1  13.5  31.6
      9721   1.688244   0.706799   0.285509 --   5.6  13.4  33.2
     10691   1.845153   0.775560   0.334951 --   5.7  13.5  31.2
     11751   2.027954   0.851488   0.350079 --   5.7  13.5  32.8
     12921   2.234055   0.929583   0.404688 --   5.6  13.6  31.2
     14211   2.464865   1.021811   0.420671 --   5.6  13.6  33.0
     15631   2.703478   1.119167   0.481079 --   5.6  13.6  31.7
     17191   2.966617   1.237603   0.536189 --   5.7  13.6  31.3
     18901   3.259980   1.357606   0.598315 --   5.7  13.6  30.9
     20791   3.580270   1.495780   0.649927 --   5.7  13.6  31.2
     22861   3.952761   1.629695   0.707165 --   5.6  13.7  31.6
     25141   4.256546   1.795638   0.769889 --   5.8  13.7  31.9
     27651   4.658087   1.957160   0.839643 --   5.8  13.8  32.2
     30411   5.127459   2.170448   0.922019 --   5.8  13.7  32.2
     33451   5.641968   2.382539   1.035076 --   5.8  13.7  31.6
     36791   6.177564   2.605796   1.116492 --   5.8  13.8  32.2
     40461   6.806666   2.867186   1.143969 --   5.8  13.8  34.5
     44501   7.392075   3.147306   1.236711 --   5.9  13.8  35.1
     48951   8.051829   3.458023   1.434255 --   5.9  13.8  33.3
     53841   8.793962   3.777506   1.657601 --   6.0  13.9  31.7
     59221   9.627602   4.125919   1.815223 --   6.0  14.0  31.9
     65141  10.454274   4.486196   1.823281 --   6.1  14.2  34.9
     71651  11.351668   4.910293   2.113948 --   6.2  14.2  33.1
     78811  12.417533   5.394916   2.174121 --   6.2  14.3  35.4
     86691  13.389084   5.908653   2.232573 --   6.3  14.3  37.9
     95351  14.483778   6.480805   2.341368 --   6.4  14.4  39.8
    104881  15.668174   7.065594   2.206913 --   6.5  14.5  46.4
    115361  16.872432   7.778584   2.224230 --   6.7  14.5  50.6
    126891  18.255302   8.517217   2.217159 --   6.8  14.5  55.9
    139571  18.498888   9.332407   3.555956 --   7.4  14.6  38.3
    153521  17.147758  10.116252   3.802253 --   8.7  14.8  39.4
    168871  18.444591  11.052415   3.959498 --   8.9  14.9  41.6
    185751  19.935978  12.179231   3.925502 --   9.1  14.9  46.2
    204321  21.388383  13.278248   5.504337 --   9.3  15.0  36.2
    224751  22.751467  14.451106   5.409993 --   9.6  15.2  40.6
    247221  24.283520  15.663839   5.606752 --   9.9  15.4  43.1
    271941  13.206394  17.173266   6.863980 --  20.1  15.5  38.7
    299131  14.597977  18.829452   7.216406 --  20.0  15.5  40.5
    329041  16.031986  20.883155   7.573158 --  20.0  15.4  42.4
    361941  17.657009  22.588063   7.826794 --  20.0  15.6  45.2
    398131  19.290489  24.449742  10.499590 --  20.2  15.9  37.0
    437941  21.279568  27.247500  10.659939 --  20.1  15.7  40.1
    481731  23.351555  29.404365  11.087448 --  20.1  16.0  42.4
    529901  18.984571   4.310908  11.423431 --  27.3 120.0  45.3
    582891  20.919864   4.699793  10.840402 --  27.2 121.1  52.5
    641171  23.016599   5.079489  11.149280 --  27.2 123.3  56.2
    705281  25.091110   5.260894  11.634307 --  27.4 130.9  59.2
    775801  27.535733   6.214620  11.655664 --  27.5 121.9  65.0
    853381  24.136350   6.696827  18.987922 --  34.5 124.4  43.9
    938711  26.393814   5.821453  19.537723 --  34.7 157.5  46.9
   1032581  28.992263   8.364688  20.508031 --  34.8 120.6  49.2
   1135831  26.441239   8.283868  20.255843 --  42.0 133.9  54.8
   1249411  29.016122   9.507737  21.098529 --  42.0 128.3  57.8
   1374351  27.196345  11.396278  21.626485 --  49.4 117.8  62.1
   1511781  29.915879  12.557188  22.035054 --  49.4 117.6  67.0
   1662951  28.697218  13.750852  34.618964 --  56.6 118.1  46.9
   1829241  31.639535  13.889808  35.964731 --  56.5 128.6  49.7
   2012161  30.804217  16.530672  37.321956 --  63.8 118.9  52.6
   2213371  30.358077  18.087825  38.743415 --  71.2 119.5  55.8
   2434701  30.284520  17.669721  40.047797 --  78.5 134.6  59.4
   2678171  30.500307  20.154129  41.013037 --  85.8 129.8  63.8
   2945981  30.638281  23.477514  42.457712 --  93.9 122.5  67.8
   3240571  31.059183  25.653535  57.960075 -- 101.9 123.4  54.6
   3564621  31.666289  25.745693  60.508868 -- 109.9 135.2  57.5
   3921081  31.474442  28.446480  62.374665 -- 121.7 134.6  61.4
   4313181  29.900552  30.122941  64.346025 -- 140.9 139.8  65.5
   4744491  28.923728  28.731812  64.873873 -- 160.2 161.3  71.4
   5218931  30.010082  29.709194  60.862339 -- 169.8 171.6  83.7
   5740821  29.450885  37.144839  56.062705 -- 190.4 150.9 100.0
   6314901  27.822673  39.597377  52.182226 -- 221.7 155.7 118.2
   6946391  28.029026  40.099219  54.565516 -- 242.0 169.2 124.3
   7641021  27.711719  45.677856  50.490118 -- 269.3 163.4 147.8
   8405121  27.767679  44.179590  49.749233 -- 295.6 185.8 165.0
   9245631  27.689329  48.995748  50.041216 -- 326.1 184.3 180.4
  10170191  28.326471  55.051423  50.059613 -- 350.6 180.4 198.4
  11187201  28.309712  56.883271  50.588076 -- 385.9 192.1 216.0
  12305921  28.555307  60.971593  51.464610 -- 420.9 197.1 233.5
  13536511  28.321298  61.053247  51.891066 -- 466.8 216.5 254.8
  14890161  28.429046  66.516504  51.643189 -- 511.5 218.6 281.6
  16379171  28.368481  73.484101  52.515872 -- 563.8 217.7 304.6
