         5333         5696         5697         6059         6060 
         6061         6425         6789         7153         7517         7573 
         7881         7937         7938         8245         8301         8302 
         8303         8609         8665         8666         8667         8668 
         8669         8973         9029         9030         9031         9032 
         9033         9337         9393         9394         9395         9396 
         9397         9398         9701         9757         9758         9759 
         9760         9763        10065        10066        10121        10122 
        10123        10124        10485        10486        10487        10488 
        10849        10850        10851        10852        11142        11143 
        11213        11214        11215        11216        11217        11505 
        11506        11507        11577        11578        11579        11580 
        11868        11869        11870        11871        11940        11941 
        11942        11951        11952        11953        11956        12231 
        12232        12233        12234        12235        12236        12303 
        12304        12305        12313        12314        12320        12595 
        12596        12597        12598        12599        12600        12665 
        12666        12667        12668        12669        12672        12673 
        12684        12960        12961        12962        12963        12964 
        13028        13029        13030        13031        13032        13325 
        13326        13327        13393        13394        13690        13781 
        14876        14877        15240        15241        15604        15605 
        15968        15969        15970        16332        16333        16334 
        18519        18883        18884        19249        19957        20321 
        20685        21050        21414        21778        22142        22505 
        22506        22869        22870        23233        23234        23235 
        23597        23598        23599        23961        23962        23963 
        24325        24326        24327        24329        24690        24692 
        24693        25056        25057        25070        25071        25072 
        25081        25420        25421        25433        25434        25435 
        25436        25784        25785        25796        25797        25798 
        26148        26149        26159        26160        26512        26513 
        26514        26515        26516        26522        26523        26876 
        26877        26878        26879        26880        26881        26882 
        26883        26884        26885        26886        27240        27241 
        27242        27243        27244        27245        27246        27247 
        27248        27249        27250        27604        27605        27606 
        27607        27608        27609        27969        27970        27971 
        27972        28335        28336        28374        30215        30216 
        30217        30223        30224        30225        30581        30582 
        30583        30586        30587        30589        30590        30946 
        30947        30948        30953        30954        31317        31318 
        31681        31682        32045        32046        32049        32409 
        32410        32413        32748        32772        32773        32777 
        33111        33112        33136        33137        33475        33476 
        33477        33501        33839        33840        33841        33865 
        33866        34203        34204        34205        34206        34207 
        34230        34279        34287        34568        34569        34570 
        34571        34572        34573        34574        34575        34576 
        34594        34643        34651        34939        34940        34941 
        34942        34958        35007        35306        35322        35670 
        35686        36034        36050        36398        36762        37155 
        38211        38553        38554        38574        38575        38576 
        38916        38917        38918        38919        38938        38940 
        38941        39279        39280        39281        39282        39283 
        39305        39306        39642        39643        39644        39645 
        39646        39647        39667        39670        39671        39673 
        40003        40004        40005        40006        40007        40008 
        40009        40010        40011        40017        40018        40035 
        40036        40037        40038        40365        40366        40367 
        40368        40369        40370        40371        40372        40373 
        40374        40375        40379        40380        40381        40382 
        40383        40384        40396        40400        40401        40402 
        40726        40727        40728        40729        40730        40731 
        40732        40733        40737        40738        40739        40740 
        40741        40742        40743        40744        40745        40746 
        40747        40748        40760        41088        41089        41090 
        41091        41092        41093        41094        41095        41102 
        41103        41104        41105        41106        41107        41110 
        41111        41112        41124        41451        41452        41453 
        41454        41455        41456        41457        41469        41474 
        41475        41476        41477        41482        41483        41487 
        41488        41552        41814        41815        41816        41817 
        41818        41819        41820        41838        41839        41840 
        41841        41845        41846        41847        41850        41851 
        41916        42177        42178        42179        42180        42181 
        42182        42202        42203        42204        42205        42206 
        42207        42208        42209        42210        42211        42280 
        42538        42539        42540        42541        42542        42543 
        42544        42566        42567        42568        42569        42570 
        42571        42572        42573        42574        42644        42900 
        42901        42902        42903        42904        42905        42906 
        42907        42930        42931        42932        42933        42935 
        42936        42937        42938        43003        43004        43008 
        43263        43264        43265        43266        43267        43268 
        43269        43270        43295        43296        43297        43319 
        43320        43321        43322        43323        43367        43369 
        43370        43371        43372        43373        43625        43626 
        43627        43628        43629        43630        43631        43632 
        43633        43683        43684        43685        43686        43687 
        43688        43689        43690        43731        43732        43734 
        43735        43736        43988        43989        43990        43991 
        43992        43993        43994        43995        43996        44047 
        44048        44049        44050        44051        44052        44053 
        44054        44055        44056        44057        44095        44096 
        44098        44099        44172        44351        44352        44353 
        44354        44355        44356        44357        44411        44412 
        44413        44414        44415        44423        44459        44460 
        44461        44462        44537        44714        44715        44716 
        44717        44718        44719        44720        44775        44776 
        44777        44778        44823        44824        44825        44826 
        45077        45078        45079        45080        45081        45082 
        45083        45139        45140        45141        45142        45186 
        45187        45188        45189        45440        45441        45442 
        45443        45444        45445        45446        45503        45504 
        45505        45521        45549        45550        45551        45552 
        45803        45804        45805        45806        45807        45808 
        45809        45887        45913        45914        45915        45916 
        45998        45999        46000        46166        46167        46168 
        46169        46170        46277        46278        46279        46530 
        46531        46532        46533        46619        46639        46640 
        46641        46642        46643        46893        46894        46895 
        46896        46897        46986        46987        46988        46989 
        46990        46991        46992        46993        46994        46995 
        46996        46997        46998        46999        47000        47001 
        47002        47003        47004        47005        47006        47257 
        47258        47259        47260        47261        47621        47622 
        47623        47624        47985        47986        47987        47988 
        48349        48350        48351        48352        48712        48713 
        48714        48715        48716        49076        49077        49078 
        49079        49080        49081        49439        49440        49441 
        49442        49443        49444        49445        49803        49804 
        49805        49806        49807        49808        49809        49810 
        50166        50167        50168        50169        50170        50171 
        50172        50173        50174        50175        50527        50528 
        50529        50530        50531        50532        50533        50534 
        50535        50536        50537        50538        50539        50540 
        50887        50888        50889        50890        50891        50892 
        50893        50894        50895        50896        50897        50898 
        50899        50900        50901        50902        50903        50904 
        50905        51114        51237        51238        51239        51240 
        51241        51242        51243        51244        51245        51246 
        51247        51248        51249        51250        51251        51252 
        51253        51254        51255        51256        51257        51258 
        51259        51260        51261        51262        51263        51264 
        51265        51266        51267        51268        51269        51270 
        51477        51600        51601        51602        51603        51604 
        51605        51606        51607        51608        51609        51610 
        51611        51612        51613        51614        51615        51616 
        51617        51618        51619        51620        51621        51622 
        51623        51624        51625        51626        51629        51630 
        51631        51632        51633        51634        51635        51963 
        51964        51965        51966        51967        51968        51969 
        51970        51971        51972        51973        51974        51975 
        51976        51977        51978        51979        51980        51981 
        51982        51983        51984        51985        51986        51987 
        51988        51994        51995        51996        51997        51998 
        51999        52327        52328        52329        52330        52331 
        52332        52333        52334        52335        52336        52337 
        52338        52339        52340        52341        52342        52343 
        52344        52345        52346        52347        52348        52349 
        52359        52360        52361        52362        52363        52690 
        52691        52692        52693        52694        52695        52696 
        52697        52698        52699        52700        52701        52702 
        52703        52704        52705        52706        52707        52708 
        52709        52710        52711        52725        52726        53053 
        53054        53055        53056        53057        53058        53059 
        53060        53061        53062        53063        53064        53065 
        53066        53067        53068        53069        53070        53071 
        53072        53073        53416        53417        53418        53419 
        53420        53421        53422        53427        53428        53429 
        53430        53431        53432        53433        53434        53780 
        53781        53782        53783        53784        54143        54144 
        54145        54146        54147        54148        54506        54507 
        54508        54509        54510        54511        54870        54871 
        54872        54873        54874        55233        55234        55235 
        55236        55237        55238        55596        55597        55598 
        55599        55600        55601        55958        55959        55960 
        55961        55962        55963        56322        56323        56324 
        56325        56326        56684        56685        56686        56687 
        56688        56689        57047        57048        57049        57050 
        57051        57052        57410        57411        57412        57413 
        57414        57415        57774        57775        57776        57777 
        57778        58137        58138        58139        58140        58141 
        58500        58501        58502        58503        58504        58863 
        58864        58865        58866        58867        59226        59227 
        59228        59229        59230        59589        59590        59591 
        59592        59593        59594        59952        59953        59954 
        59955        59956        59957        60316        60317        60318 
        60319        60320        60679        60680        60681        60682 
        60683        61043        61044        61045        61406        61407 
        61408        61769        61770        61771        61772        62133 
        62134        62135        62136        62497        62498        62499 
        62500        62501        62861        62862        62863        62864 
        62865        63225        63226        63227        63228        63229 
        63230        63588        63589        63590        63591        63592 
        63593        63594        63952        63953        63954        63955 
        63956        63957        63958        64315        64316        64317 
        64318        64319        64320        64321        64679        64680 
        64681        64682        64683        64684        65042        65043 
        65044        65045        65046        65047        65405        65406 
        65407        65408        65409        65410        65768        65769 
        65770        65771        65772        65773        66131        66132 
        66133        66134        66135        66136        66494        66495 
        66496        66497        66498        66816        66817        66857 
        66858        66859        66860        66861        67220        67221 
        67222        67223        67224        67578        67579        67580 
        67581        67582        67583        67584        67585        67586 
        67587        67588        67939        67940        67941        67942 
        67943        67944        67945        67946        67947        67948 
        67949        67950        67951        67952        68300        68301 
        68302        68303        68304        68305        68306        68307 
        68308        68309        68310        68311        68312        68313 
        68314        68315        68643        68663        68664        68665 
        68666        68667        68668        68669        68670        68671 
        68672        68673        68674        68675        68676        68677 
        69008        69027        69028        69029        69030        69031 
        69032        69033        69034        69035        69036        69037 
        69038        69373        69374        69390        69391        69392 
        69393        69394        69395        69396        69397        69398 
        69399        69739        69740        69741        69742        69743 
        69752        69753        69754        69755        69756        69757 
        69758        69759        69760        69761        69762        69803 
        70109        70110        70111        70112        70113        70114 
        70115        70116        70117        70118        70119        70120 
        70121        70122        70123        70124        70125        70168 
        70478        70479        70480        70481        70482        70483 
        70484        70485        70532        70533        70895        70896 
        70897        70898        71259        71260        71261        71262 
        71623        71624        71625        71626        71988        71989 
        73127        73128        73491        73492        73493        73857 
        73858
